version https://git-lfs.github.com/spec/v1
oid sha256:5e4e925dbd36c667c7c49aec681d5dbe5da26ea0301a6b08421eafb2ab2ca7db
size 1118
